(kicad_pcb (version 20171130) (host pcbnew "(5.1.10)-1")

  (general
    (thickness 1.6)
    (drawings 68)
    (tracks 220)
    (zones 0)
    (modules 40)
    (nets 138)
  )

  (page B)
  (layers
    (0 F.Cu signal)
    (1 In1.Cu signal hide)
    (2 In2.Cu signal hide)
    (3 In3.Cu signal hide)
    (4 In4.Cu signal hide)
    (31 B.Cu signal)
    (32 B.Adhes user hide)
    (33 F.Adhes user hide)
    (34 B.Paste user hide)
    (35 F.Paste user hide)
    (36 B.SilkS user hide)
    (37 F.SilkS user)
    (38 B.Mask user hide)
    (39 F.Mask user hide)
    (40 Dwgs.User user hide)
    (41 Cmts.User user hide)
    (42 Eco1.User user hide)
    (43 Eco2.User user hide)
    (44 Edge.Cuts user)
    (45 Margin user hide)
    (46 B.CrtYd user hide)
    (47 F.CrtYd user hide)
    (48 B.Fab user hide)
    (49 F.Fab user hide)
  )

  (setup
    (last_trace_width 0.25)
    (user_trace_width 0.2032)
    (user_trace_width 0.254)
    (user_trace_width 0.381)
    (user_trace_width 0.508)
    (trace_clearance 0.1)
    (zone_clearance 0.0508)
    (zone_45_only no)
    (trace_min 0.2)
    (via_size 0.8)
    (via_drill 0.4)
    (via_min_size 0.254)
    (via_min_drill 0.127)
    (user_via 0.381 0.1524)
    (uvia_size 0.3)
    (uvia_drill 0.1)
    (uvias_allowed no)
    (uvia_min_size 0.2)
    (uvia_min_drill 0.1)
    (edge_width 0.05)
    (segment_width 0.2)
    (pcb_text_width 0.3)
    (pcb_text_size 1.5 1.5)
    (mod_edge_width 0.12)
    (mod_text_size 0.635 0.635)
    (mod_text_width 0.090932)
    (pad_size 5.08 5.08)
    (pad_drill 3.175)
    (pad_to_mask_clearance 0)
    (aux_axis_origin 0 0)
    (visible_elements 7FFFFFFF)
    (pcbplotparams
      (layerselection 0x010fc_ffffffff)
      (usegerberextensions false)
      (usegerberattributes true)
      (usegerberadvancedattributes true)
      (creategerberjobfile true)
      (excludeedgelayer true)
      (linewidth 0.100000)
      (plotframeref false)
      (viasonmask false)
      (mode 1)
      (useauxorigin false)
      (hpglpennumber 1)
      (hpglpenspeed 20)
      (hpglpendiameter 15.000000)
      (psnegative false)
      (psa4output false)
      (plotreference true)
      (plotvalue true)
      (plotinvisibletext false)
      (padsonsilk false)
      (subtractmaskfromsilk false)
      (outputformat 1)
      (mirror false)
      (drillshape 1)
      (scaleselection 1)
      (outputdirectory ""))
  )

  (net 0 "")
  (net 1 /CHS)
  (net 2 /GND)
  (net 3 /USB_D+)
  (net 4 /USB_D-)
  (net 5 /SEP4)
  (net 6 /-X_SOLAR_PWR)
  (net 7 /-X_SOLAR_RTN)
  (net 8 /-X_SOLAR_TLE)
  (net 9 /H2-52)
  (net 10 /H1-52)
  (net 11 /H2-50)
  (net 12 /H1-50)
  (net 13 /USER_1)
  (net 14 /H2-46)
  (net 15 /H1-46)
  (net 16 /H2-44)
  (net 17 /H1-44)
  (net 18 /H2-42)
  (net 19 /H1-42)
  (net 20 /H2-40)
  (net 21 /H1-40)
  (net 22 /H2-38)
  (net 23 /H1-38)
  (net 24 /H2-36)
  (net 25 /H1-36)
  (net 26 /H2-34)
  (net 27 /H1-34)
  (net 28 /5V_USB)
  (net 29 /SEP3)
  (net 30 /+Y_SOLAR_PWR)
  (net 31 /+Y_SOLAR_RTN)
  (net 32 /+Y_SOLAR_TLE)
  (net 33 /H2-51)
  (net 34 /H1-51)
  (net 35 /H2-49)
  (net 36 /USER_2)
  (net 37 /SELF_TEST)
  (net 38 /H2-45)
  (net 39 /H1-45)
  (net 40 /H2-43)
  (net 41 /H2-41)
  (net 42 /H2-39)
  (net 43 /H1-39)
  (net 44 /H2-37)
  (net 45 /H1-37)
  (net 46 /H2-35)
  (net 47 /H1-35)
  (net 48 /H2-33)
  (net 49 /H1-33)
  (net 50 /AGND)
  (net 51 /H1-31)
  (net 52 /H1-28)
  (net 53 /H2-26)
  (net 54 /H1-26)
  (net 55 /H2-24)
  (net 56 /H1-24)
  (net 57 /H2-22)
  (net 58 /H2-20)
  (net 59 /H2-18)
  (net 60 /H1-18)
  (net 61 /H2-16)
  (net 62 /H1-16)
  (net 63 /H2-14)
  (net 64 /H1-14)
  (net 65 /H2-12)
  (net 66 /H1-12)
  (net 67 /H2-10)
  (net 68 /H1-10)
  (net 69 /H2-8)
  (net 70 /H1-8)
  (net 71 /H2-6)
  (net 72 /H1-6)
  (net 73 /H2-4)
  (net 74 /H1-4)
  (net 75 /H2-2)
  (net 76 /H1-2)
  (net 77 /+X_SOLAR_PWR)
  (net 78 /+X_SOLAR_RTN)
  (net 79 /+X_SOLAR_TLE)
  (net 80 /H1-27)
  (net 81 /H2-25)
  (net 82 /H1-25)
  (net 83 /H2-23)
  (net 84 /H2-21)
  (net 85 /H2-19)
  (net 86 /H2-17)
  (net 87 /H1-17)
  (net 88 /H2-15)
  (net 89 /RBF)
  (net 90 /H2-13)
  (net 91 /H1-13)
  (net 92 /H2-11)
  (net 93 /H1-11)
  (net 94 /H2-9)
  (net 95 /H1-9)
  (net 96 /H2-7)
  (net 97 /H1-7)
  (net 98 /H2-5)
  (net 99 /H1-5)
  (net 100 /H2-3)
  (net 101 /H1-3)
  (net 102 /H2-1)
  (net 103 /H1-1)
  (net 104 /-Z_SOLAR_PWR)
  (net 105 /-Z_SOLAR_RTN)
  (net 106 /-Z_SOLAR_TLE)
  (net 107 /H1-30)
  (net 108 /SEP1)
  (net 109 /SEP2)
  (net 110 /SW_NO)
  (net 111 /~USB_FLAG)
  (net 112 /ORG_LED)
  (net 113 /~USB_EN)
  (net 114 "Net-(C100-Pad1)")
  (net 115 "Net-(D100-Pad2)")
  (net 116 "Net-(D100-Pad1)")
  (net 117 "Net-(D101-Pad2)")
  (net 118 "Net-(D101-Pad1)")
  (net 119 "Net-(D102-Pad2)")
  (net 120 "Net-(D102-Pad1)")
  (net 121 "Net-(D103-Pad2)")
  (net 122 "Net-(D103-Pad1)")
  (net 123 "Net-(J100-Pad4)")
  (net 124 "Net-(Q100-Pad1)")
  (net 125 "Net-(Q101-Pad1)")
  (net 126 "Net-(Q102-Pad1)")
  (net 127 "Net-(Q103-Pad1)")
  (net 128 /Blank-Card-Default/GND)
  (net 129 /~BUS_RESET)
  (net 130 /URx0)
  (net 131 /SCK0)
  (net 132 /SDO0)
  (net 133 /VCC_sys)
  (net 134 /UTx0)
  (net 135 /SDI0)
  (net 136 /SDA_SYS)
  (net 137 /SCL_SYS)

  (net_class Default "This is the default net class."
    (clearance 0.1)
    (trace_width 0.25)
    (via_dia 0.8)
    (via_drill 0.4)
    (uvia_dia 0.3)
    (uvia_drill 0.1)
    (add_net /+X_SOLAR_PWR)
    (add_net /+X_SOLAR_RTN)
    (add_net /+X_SOLAR_TLE)
    (add_net /+Y_SOLAR_PWR)
    (add_net /+Y_SOLAR_RTN)
    (add_net /+Y_SOLAR_TLE)
    (add_net /-X_SOLAR_PWR)
    (add_net /-X_SOLAR_RTN)
    (add_net /-X_SOLAR_TLE)
    (add_net /-Z_SOLAR_PWR)
    (add_net /-Z_SOLAR_RTN)
    (add_net /-Z_SOLAR_TLE)
    (add_net /5V_USB)
    (add_net /AGND)
    (add_net /Blank-Card-Default/GND)
    (add_net /CHS)
    (add_net /GND)
    (add_net /H1-1)
    (add_net /H1-10)
    (add_net /H1-11)
    (add_net /H1-12)
    (add_net /H1-13)
    (add_net /H1-14)
    (add_net /H1-16)
    (add_net /H1-17)
    (add_net /H1-18)
    (add_net /H1-2)
    (add_net /H1-24)
    (add_net /H1-25)
    (add_net /H1-26)
    (add_net /H1-27)
    (add_net /H1-28)
    (add_net /H1-3)
    (add_net /H1-30)
    (add_net /H1-31)
    (add_net /H1-33)
    (add_net /H1-34)
    (add_net /H1-35)
    (add_net /H1-36)
    (add_net /H1-37)
    (add_net /H1-38)
    (add_net /H1-39)
    (add_net /H1-4)
    (add_net /H1-40)
    (add_net /H1-42)
    (add_net /H1-44)
    (add_net /H1-45)
    (add_net /H1-46)
    (add_net /H1-5)
    (add_net /H1-50)
    (add_net /H1-51)
    (add_net /H1-52)
    (add_net /H1-6)
    (add_net /H1-7)
    (add_net /H1-8)
    (add_net /H1-9)
    (add_net /H2-1)
    (add_net /H2-10)
    (add_net /H2-11)
    (add_net /H2-12)
    (add_net /H2-13)
    (add_net /H2-14)
    (add_net /H2-15)
    (add_net /H2-16)
    (add_net /H2-17)
    (add_net /H2-18)
    (add_net /H2-19)
    (add_net /H2-2)
    (add_net /H2-20)
    (add_net /H2-21)
    (add_net /H2-22)
    (add_net /H2-23)
    (add_net /H2-24)
    (add_net /H2-25)
    (add_net /H2-26)
    (add_net /H2-3)
    (add_net /H2-33)
    (add_net /H2-34)
    (add_net /H2-35)
    (add_net /H2-36)
    (add_net /H2-37)
    (add_net /H2-38)
    (add_net /H2-39)
    (add_net /H2-4)
    (add_net /H2-40)
    (add_net /H2-41)
    (add_net /H2-42)
    (add_net /H2-43)
    (add_net /H2-44)
    (add_net /H2-45)
    (add_net /H2-46)
    (add_net /H2-49)
    (add_net /H2-5)
    (add_net /H2-50)
    (add_net /H2-51)
    (add_net /H2-52)
    (add_net /H2-6)
    (add_net /H2-7)
    (add_net /H2-8)
    (add_net /H2-9)
    (add_net /ORG_LED)
    (add_net /RBF)
    (add_net /SCK0)
    (add_net /SCL_SYS)
    (add_net /SDA_SYS)
    (add_net /SDI0)
    (add_net /SDO0)
    (add_net /SELF_TEST)
    (add_net /SEP1)
    (add_net /SEP2)
    (add_net /SEP3)
    (add_net /SEP4)
    (add_net /SW_NO)
    (add_net /URx0)
    (add_net /USB_D+)
    (add_net /USB_D-)
    (add_net /USER_1)
    (add_net /USER_2)
    (add_net /UTx0)
    (add_net /VCC_sys)
    (add_net /~BUS_RESET)
    (add_net /~USB_EN)
    (add_net /~USB_FLAG)
    (add_net "Net-(C100-Pad1)")
    (add_net "Net-(D100-Pad1)")
    (add_net "Net-(D100-Pad2)")
    (add_net "Net-(D101-Pad1)")
    (add_net "Net-(D101-Pad2)")
    (add_net "Net-(D102-Pad1)")
    (add_net "Net-(D102-Pad2)")
    (add_net "Net-(D103-Pad1)")
    (add_net "Net-(D103-Pad2)")
    (add_net "Net-(J100-Pad4)")
    (add_net "Net-(Q100-Pad1)")
    (add_net "Net-(Q101-Pad1)")
    (add_net "Net-(Q102-Pad1)")
    (add_net "Net-(Q103-Pad1)")
  )

  (module Resistor_SMD:R_0402_1005Metric (layer F.Cu) (tedit 5F68FEEE) (tstamp 618EAC00)
    (at 80.518 -95.25)
    (descr "Resistor SMD 0402 (1005 Metric), square (rectangular) end terminal, IPC_7351 nominal, (Body size source: IPC-SM-782 page 72, https://www.pcb-3d.com/wordpress/wp-content/uploads/ipc-sm-782a_amendment_1_and_2.pdf), generated with kicad-footprint-generator")
    (tags resistor)
    (path /61D3502C/618F80A6)
    (attr smd)
    (fp_text reference R111 (at 0 -1.17) (layer F.SilkS)
      (effects (font (size 1 1) (thickness 0.15)))
    )
    (fp_text value 10k (at 0 1.17) (layer F.Fab)
      (effects (font (size 1 1) (thickness 0.15)))
    )
    (fp_line (start 0.93 0.47) (end -0.93 0.47) (layer F.CrtYd) (width 0.05))
    (fp_line (start 0.93 -0.47) (end 0.93 0.47) (layer F.CrtYd) (width 0.05))
    (fp_line (start -0.93 -0.47) (end 0.93 -0.47) (layer F.CrtYd) (width 0.05))
    (fp_line (start -0.93 0.47) (end -0.93 -0.47) (layer F.CrtYd) (width 0.05))
    (fp_line (start -0.153641 0.38) (end 0.153641 0.38) (layer F.SilkS) (width 0.12))
    (fp_line (start -0.153641 -0.38) (end 0.153641 -0.38) (layer F.SilkS) (width 0.12))
    (fp_line (start 0.525 0.27) (end -0.525 0.27) (layer F.Fab) (width 0.1))
    (fp_line (start 0.525 -0.27) (end 0.525 0.27) (layer F.Fab) (width 0.1))
    (fp_line (start -0.525 -0.27) (end 0.525 -0.27) (layer F.Fab) (width 0.1))
    (fp_line (start -0.525 0.27) (end -0.525 -0.27) (layer F.Fab) (width 0.1))
    (fp_text user %R (at 0 0) (layer F.Fab)
      (effects (font (size 0.26 0.26) (thickness 0.04)))
    )
    (pad 2 smd roundrect (at 0.51 0) (size 0.54 0.64) (layers F.Cu F.Paste F.Mask) (roundrect_rratio 0.25)
      (net 128 /Blank-Card-Default/GND))
    (pad 1 smd roundrect (at -0.51 0) (size 0.54 0.64) (layers F.Cu F.Paste F.Mask) (roundrect_rratio 0.25)
      (net 113 /~USB_EN))
    (model ${KISYS3DMOD}/Resistor_SMD.3dshapes/R_0402_1005Metric.wrl
      (at (xyz 0 0 0))
      (scale (xyz 1 1 1))
      (rotate (xyz 0 0 0))
    )
  )

  (module SLI-Backplane-Blank-Card-KiCad:EVQP7C01P (layer F.Cu) (tedit 618570E0) (tstamp 6186BDAE)
    (at 13.85377 -101.125833)
    (path /61D3502C/620B03E0)
    (fp_text reference SW100 (at 0.11623 4.097833) (layer F.SilkS)
      (effects (font (size 0.635 0.635) (thickness 0.090932)))
    )
    (fp_text value SW_Push_SPST (at 0 2) (layer F.Fab)
      (effects (font (size 1 1) (thickness 0.15)))
    )
    (fp_line (start -2.35 0) (end 2.35 0) (layer Eco1.User) (width 0.254))
    (fp_line (start -2.35 0) (end 2.35 0) (layer F.CrtYd) (width 0.12))
    (fp_line (start 2.35 4.2) (end -2.35 4.2) (layer F.CrtYd) (width 0.12))
    (fp_line (start -2.35 0) (end -2.35 4.2) (layer F.CrtYd) (width 0.12))
    (fp_line (start 2.35 4.2) (end 2.35 0) (layer F.CrtYd) (width 0.12))
    (pad "" smd rect (at 1.8 2.825 180) (size 1.4 1.05) (layers F.Cu F.Paste F.Mask)
      (zone_connect 0))
    (pad "" smd rect (at 1.8 1.375 180) (size 1.4 1.05) (layers F.Cu F.Paste F.Mask)
      (zone_connect 0))
    (pad 2 smd rect (at -1.8 2.825) (size 1.4 1.05) (layers F.Cu F.Paste F.Mask)
      (net 2 /GND) (zone_connect 0))
    (pad 1 smd rect (at -1.8 1.375) (size 1.4 1.05) (layers F.Cu F.Paste F.Mask)
      (net 110 /SW_NO) (zone_connect 0))
    (pad "" np_thru_hole circle (at 0 3) (size 0.7 0.7) (drill 0.7) (layers *.Cu *.Mask)
      (zone_connect 0))
    (pad "" np_thru_hole circle (at 0 1.2) (size 0.7 0.7) (drill 0.7) (layers *.Cu *.Mask)
      (zone_connect 0))
  )

  (module Package_TO_SOT_SMD:SOT-23-5 (layer F.Cu) (tedit 5A02FF57) (tstamp 618706E9)
    (at 78.9178 -97.5614)
    (descr "5-pin SOT23 package")
    (tags SOT-23-5)
    (path /61D3502C/61DEF277)
    (attr smd)
    (fp_text reference U100 (at -0.3048 -1.8796) (layer F.SilkS)
      (effects (font (size 0.635 0.635) (thickness 0.090932)))
    )
    (fp_text value AP2161W (at 0 2.9) (layer F.Fab)
      (effects (font (size 1 1) (thickness 0.15)))
    )
    (fp_line (start -0.9 1.61) (end 0.9 1.61) (layer F.SilkS) (width 0.12))
    (fp_line (start 0.9 -1.61) (end -1.55 -1.61) (layer F.SilkS) (width 0.12))
    (fp_line (start -1.9 -1.8) (end 1.9 -1.8) (layer F.CrtYd) (width 0.05))
    (fp_line (start 1.9 -1.8) (end 1.9 1.8) (layer F.CrtYd) (width 0.05))
    (fp_line (start 1.9 1.8) (end -1.9 1.8) (layer F.CrtYd) (width 0.05))
    (fp_line (start -1.9 1.8) (end -1.9 -1.8) (layer F.CrtYd) (width 0.05))
    (fp_line (start -0.9 -0.9) (end -0.25 -1.55) (layer F.Fab) (width 0.1))
    (fp_line (start 0.9 -1.55) (end -0.25 -1.55) (layer F.Fab) (width 0.1))
    (fp_line (start -0.9 -0.9) (end -0.9 1.55) (layer F.Fab) (width 0.1))
    (fp_line (start 0.9 1.55) (end -0.9 1.55) (layer F.Fab) (width 0.1))
    (fp_line (start 0.9 -1.55) (end 0.9 1.55) (layer F.Fab) (width 0.1))
    (fp_text user %R (at 0 0 90) (layer F.Fab)
      (effects (font (size 0.5 0.5) (thickness 0.075)))
    )
    (pad 5 smd rect (at 1.1 -0.95) (size 1.06 0.65) (layers F.Cu F.Paste F.Mask)
      (net 114 "Net-(C100-Pad1)"))
    (pad 4 smd rect (at 1.1 0.95) (size 1.06 0.65) (layers F.Cu F.Paste F.Mask)
      (net 113 /~USB_EN))
    (pad 3 smd rect (at -1.1 0.95) (size 1.06 0.65) (layers F.Cu F.Paste F.Mask)
      (net 111 /~USB_FLAG))
    (pad 2 smd rect (at -1.1 0) (size 1.06 0.65) (layers F.Cu F.Paste F.Mask)
      (net 128 /Blank-Card-Default/GND))
    (pad 1 smd rect (at -1.1 -0.95) (size 1.06 0.65) (layers F.Cu F.Paste F.Mask)
      (net 28 /5V_USB))
    (model ${KISYS3DMOD}/Package_TO_SOT_SMD.3dshapes/SOT-23-5.wrl
      (at (xyz 0 0 0))
      (scale (xyz 1 1 1))
      (rotate (xyz 0 0 0))
    )
  )

  (module Capacitor_SMD:C_0402_1005Metric (layer B.Cu) (tedit 5F68FEEE) (tstamp 618706B8)
    (at 77.0382 -93.853 180)
    (descr "Capacitor SMD 0402 (1005 Metric), square (rectangular) end terminal, IPC_7351 nominal, (Body size source: IPC-SM-782 page 76, https://www.pcb-3d.com/wordpress/wp-content/uploads/ipc-sm-782a_amendment_1_and_2.pdf), generated with kicad-footprint-generator")
    (tags capacitor)
    (path /61D3502C/61DED8E3)
    (attr smd)
    (fp_text reference Z101 (at 0.8382 -1.016) (layer B.SilkS)
      (effects (font (size 0.635 0.635) (thickness 0.090932)) (justify mirror))
    )
    (fp_text value CG0402MLU-05G (at 0 -1.16) (layer B.Fab)
      (effects (font (size 1 1) (thickness 0.15)) (justify mirror))
    )
    (fp_line (start -0.5 -0.25) (end -0.5 0.25) (layer B.Fab) (width 0.1))
    (fp_line (start -0.5 0.25) (end 0.5 0.25) (layer B.Fab) (width 0.1))
    (fp_line (start 0.5 0.25) (end 0.5 -0.25) (layer B.Fab) (width 0.1))
    (fp_line (start 0.5 -0.25) (end -0.5 -0.25) (layer B.Fab) (width 0.1))
    (fp_line (start -0.107836 0.36) (end 0.107836 0.36) (layer B.SilkS) (width 0.12))
    (fp_line (start -0.107836 -0.36) (end 0.107836 -0.36) (layer B.SilkS) (width 0.12))
    (fp_line (start -0.91 -0.46) (end -0.91 0.46) (layer B.CrtYd) (width 0.05))
    (fp_line (start -0.91 0.46) (end 0.91 0.46) (layer B.CrtYd) (width 0.05))
    (fp_line (start 0.91 0.46) (end 0.91 -0.46) (layer B.CrtYd) (width 0.05))
    (fp_line (start 0.91 -0.46) (end -0.91 -0.46) (layer B.CrtYd) (width 0.05))
    (fp_text user %R (at 0 0) (layer B.Fab)
      (effects (font (size 0.25 0.25) (thickness 0.04)) (justify mirror))
    )
    (pad 2 smd roundrect (at 0.48 0 180) (size 0.56 0.62) (layers B.Cu B.Paste B.Mask) (roundrect_rratio 0.25)
      (net 128 /Blank-Card-Default/GND))
    (pad 1 smd roundrect (at -0.48 0 180) (size 0.56 0.62) (layers B.Cu B.Paste B.Mask) (roundrect_rratio 0.25)
      (net 4 /USB_D-))
    (model ${KISYS3DMOD}/Capacitor_SMD.3dshapes/C_0402_1005Metric.wrl
      (at (xyz 0 0 0))
      (scale (xyz 1 1 1))
      (rotate (xyz 0 0 0))
    )
  )

  (module Capacitor_SMD:C_0402_1005Metric (layer B.Cu) (tedit 5F68FEEE) (tstamp 618706A7)
    (at 79.0194 -93.853)
    (descr "Capacitor SMD 0402 (1005 Metric), square (rectangular) end terminal, IPC_7351 nominal, (Body size source: IPC-SM-782 page 76, https://www.pcb-3d.com/wordpress/wp-content/uploads/ipc-sm-782a_amendment_1_and_2.pdf), generated with kicad-footprint-generator")
    (tags capacitor)
    (path /61D3502C/61DED196)
    (attr smd)
    (fp_text reference Z100 (at 0 1.016) (layer B.SilkS)
      (effects (font (size 0.635 0.635) (thickness 0.090932)) (justify mirror))
    )
    (fp_text value CG0402MLU-05G (at 0 -1.16) (layer B.Fab)
      (effects (font (size 1 1) (thickness 0.15)) (justify mirror))
    )
    (fp_line (start -0.5 -0.25) (end -0.5 0.25) (layer B.Fab) (width 0.1))
    (fp_line (start -0.5 0.25) (end 0.5 0.25) (layer B.Fab) (width 0.1))
    (fp_line (start 0.5 0.25) (end 0.5 -0.25) (layer B.Fab) (width 0.1))
    (fp_line (start 0.5 -0.25) (end -0.5 -0.25) (layer B.Fab) (width 0.1))
    (fp_line (start -0.107836 0.36) (end 0.107836 0.36) (layer B.SilkS) (width 0.12))
    (fp_line (start -0.107836 -0.36) (end 0.107836 -0.36) (layer B.SilkS) (width 0.12))
    (fp_line (start -0.91 -0.46) (end -0.91 0.46) (layer B.CrtYd) (width 0.05))
    (fp_line (start -0.91 0.46) (end 0.91 0.46) (layer B.CrtYd) (width 0.05))
    (fp_line (start 0.91 0.46) (end 0.91 -0.46) (layer B.CrtYd) (width 0.05))
    (fp_line (start 0.91 -0.46) (end -0.91 -0.46) (layer B.CrtYd) (width 0.05))
    (fp_text user %R (at 0 0) (layer B.Fab)
      (effects (font (size 0.25 0.25) (thickness 0.04)) (justify mirror))
    )
    (pad 2 smd roundrect (at 0.48 0) (size 0.56 0.62) (layers B.Cu B.Paste B.Mask) (roundrect_rratio 0.25)
      (net 128 /Blank-Card-Default/GND))
    (pad 1 smd roundrect (at -0.48 0) (size 0.56 0.62) (layers B.Cu B.Paste B.Mask) (roundrect_rratio 0.25)
      (net 3 /USB_D+))
    (model ${KISYS3DMOD}/Capacitor_SMD.3dshapes/C_0402_1005Metric.wrl
      (at (xyz 0 0 0))
      (scale (xyz 1 1 1))
      (rotate (xyz 0 0 0))
    )
  )

  (module Resistor_SMD:R_0402_1005Metric (layer B.Cu) (tedit 5F68FEEE) (tstamp 61870696)
    (at 14.3764 -96.7232 90)
    (descr "Resistor SMD 0402 (1005 Metric), square (rectangular) end terminal, IPC_7351 nominal, (Body size source: IPC-SM-782 page 72, https://www.pcb-3d.com/wordpress/wp-content/uploads/ipc-sm-782a_amendment_1_and_2.pdf), generated with kicad-footprint-generator")
    (tags resistor)
    (path /61D3502C/61E12996)
    (attr smd)
    (fp_text reference R105 (at -2.1082 -0.0254 90) (layer B.SilkS)
      (effects (font (size 0.635 0.635) (thickness 0.090932)) (justify mirror))
    )
    (fp_text value 1.5k (at 0 -1.17 90) (layer B.Fab)
      (effects (font (size 1 1) (thickness 0.15)) (justify mirror))
    )
    (fp_line (start -0.525 -0.27) (end -0.525 0.27) (layer B.Fab) (width 0.1))
    (fp_line (start -0.525 0.27) (end 0.525 0.27) (layer B.Fab) (width 0.1))
    (fp_line (start 0.525 0.27) (end 0.525 -0.27) (layer B.Fab) (width 0.1))
    (fp_line (start 0.525 -0.27) (end -0.525 -0.27) (layer B.Fab) (width 0.1))
    (fp_line (start -0.153641 0.38) (end 0.153641 0.38) (layer B.SilkS) (width 0.12))
    (fp_line (start -0.153641 -0.38) (end 0.153641 -0.38) (layer B.SilkS) (width 0.12))
    (fp_line (start -0.93 -0.47) (end -0.93 0.47) (layer B.CrtYd) (width 0.05))
    (fp_line (start -0.93 0.47) (end 0.93 0.47) (layer B.CrtYd) (width 0.05))
    (fp_line (start 0.93 0.47) (end 0.93 -0.47) (layer B.CrtYd) (width 0.05))
    (fp_line (start 0.93 -0.47) (end -0.93 -0.47) (layer B.CrtYd) (width 0.05))
    (fp_text user %R (at 0 0 90) (layer B.Fab)
      (effects (font (size 0.26 0.26) (thickness 0.04)) (justify mirror))
    )
    (pad 2 smd roundrect (at 0.51 0 90) (size 0.54 0.64) (layers B.Cu B.Paste B.Mask) (roundrect_rratio 0.25)
      (net 121 "Net-(D103-Pad2)"))
    (pad 1 smd roundrect (at -0.51 0 90) (size 0.54 0.64) (layers B.Cu B.Paste B.Mask) (roundrect_rratio 0.25)
      (net 28 /5V_USB))
    (model ${KISYS3DMOD}/Resistor_SMD.3dshapes/R_0402_1005Metric.wrl
      (at (xyz 0 0 0))
      (scale (xyz 1 1 1))
      (rotate (xyz 0 0 0))
    )
  )

  (module Resistor_SMD:R_0402_1005Metric (layer B.Cu) (tedit 5F68FEEE) (tstamp 61870685)
    (at 15.9258 -97.2312)
    (descr "Resistor SMD 0402 (1005 Metric), square (rectangular) end terminal, IPC_7351 nominal, (Body size source: IPC-SM-782 page 72, https://www.pcb-3d.com/wordpress/wp-content/uploads/ipc-sm-782a_amendment_1_and_2.pdf), generated with kicad-footprint-generator")
    (tags resistor)
    (path /61D3502C/61E129B8)
    (attr smd)
    (fp_text reference R109 (at -0.4318 1.7907 90) (layer B.SilkS)
      (effects (font (size 0.635 0.635) (thickness 0.090932)) (justify mirror))
    )
    (fp_text value 1.5k (at 0 -1.17) (layer B.Fab)
      (effects (font (size 1 1) (thickness 0.15)) (justify mirror))
    )
    (fp_line (start -0.525 -0.27) (end -0.525 0.27) (layer B.Fab) (width 0.1))
    (fp_line (start -0.525 0.27) (end 0.525 0.27) (layer B.Fab) (width 0.1))
    (fp_line (start 0.525 0.27) (end 0.525 -0.27) (layer B.Fab) (width 0.1))
    (fp_line (start 0.525 -0.27) (end -0.525 -0.27) (layer B.Fab) (width 0.1))
    (fp_line (start -0.153641 0.38) (end 0.153641 0.38) (layer B.SilkS) (width 0.12))
    (fp_line (start -0.153641 -0.38) (end 0.153641 -0.38) (layer B.SilkS) (width 0.12))
    (fp_line (start -0.93 -0.47) (end -0.93 0.47) (layer B.CrtYd) (width 0.05))
    (fp_line (start -0.93 0.47) (end 0.93 0.47) (layer B.CrtYd) (width 0.05))
    (fp_line (start 0.93 0.47) (end 0.93 -0.47) (layer B.CrtYd) (width 0.05))
    (fp_line (start 0.93 -0.47) (end -0.93 -0.47) (layer B.CrtYd) (width 0.05))
    (fp_text user %R (at 0 0) (layer B.Fab)
      (effects (font (size 0.26 0.26) (thickness 0.04)) (justify mirror))
    )
    (pad 2 smd roundrect (at 0.51 0) (size 0.54 0.64) (layers B.Cu B.Paste B.Mask) (roundrect_rratio 0.25)
      (net 112 /ORG_LED))
    (pad 1 smd roundrect (at -0.51 0) (size 0.54 0.64) (layers B.Cu B.Paste B.Mask) (roundrect_rratio 0.25)
      (net 127 "Net-(Q103-Pad1)"))
    (model ${KISYS3DMOD}/Resistor_SMD.3dshapes/R_0402_1005Metric.wrl
      (at (xyz 0 0 0))
      (scale (xyz 1 1 1))
      (rotate (xyz 0 0 0))
    )
  )

  (module Resistor_SMD:R_0402_1005Metric (layer F.Cu) (tedit 5F68FEEE) (tstamp 61870674)
    (at 78.0034 -94.869)
    (descr "Resistor SMD 0402 (1005 Metric), square (rectangular) end terminal, IPC_7351 nominal, (Body size source: IPC-SM-782 page 72, https://www.pcb-3d.com/wordpress/wp-content/uploads/ipc-sm-782a_amendment_1_and_2.pdf), generated with kicad-footprint-generator")
    (tags resistor)
    (path /61D3502C/61DF17FB)
    (attr smd)
    (fp_text reference R100 (at 0.4191 0.9525 180) (layer F.SilkS)
      (effects (font (size 0.635 0.635) (thickness 0.090932)))
    )
    (fp_text value 10k (at 0 1.17) (layer F.Fab)
      (effects (font (size 1 1) (thickness 0.15)))
    )
    (fp_line (start -0.525 0.27) (end -0.525 -0.27) (layer F.Fab) (width 0.1))
    (fp_line (start -0.525 -0.27) (end 0.525 -0.27) (layer F.Fab) (width 0.1))
    (fp_line (start 0.525 -0.27) (end 0.525 0.27) (layer F.Fab) (width 0.1))
    (fp_line (start 0.525 0.27) (end -0.525 0.27) (layer F.Fab) (width 0.1))
    (fp_line (start -0.153641 -0.38) (end 0.153641 -0.38) (layer F.SilkS) (width 0.12))
    (fp_line (start -0.153641 0.38) (end 0.153641 0.38) (layer F.SilkS) (width 0.12))
    (fp_line (start -0.93 0.47) (end -0.93 -0.47) (layer F.CrtYd) (width 0.05))
    (fp_line (start -0.93 -0.47) (end 0.93 -0.47) (layer F.CrtYd) (width 0.05))
    (fp_line (start 0.93 -0.47) (end 0.93 0.47) (layer F.CrtYd) (width 0.05))
    (fp_line (start 0.93 0.47) (end -0.93 0.47) (layer F.CrtYd) (width 0.05))
    (fp_text user %R (at 0 0) (layer F.Fab)
      (effects (font (size 0.26 0.26) (thickness 0.04)))
    )
    (pad 2 smd roundrect (at 0.51 0) (size 0.54 0.64) (layers F.Cu F.Paste F.Mask) (roundrect_rratio 0.25)
      (net 111 /~USB_FLAG))
    (pad 1 smd roundrect (at -0.51 0) (size 0.54 0.64) (layers F.Cu F.Paste F.Mask) (roundrect_rratio 0.25)
      (net 28 /5V_USB))
    (model ${KISYS3DMOD}/Resistor_SMD.3dshapes/R_0402_1005Metric.wrl
      (at (xyz 0 0 0))
      (scale (xyz 1 1 1))
      (rotate (xyz 0 0 0))
    )
  )

  (module Resistor_SMD:R_0402_1005Metric (layer F.Cu) (tedit 5F68FEEE) (tstamp 61870663)
    (at 9.4234 -98.5012 90)
    (descr "Resistor SMD 0402 (1005 Metric), square (rectangular) end terminal, IPC_7351 nominal, (Body size source: IPC-SM-782 page 72, https://www.pcb-3d.com/wordpress/wp-content/uploads/ipc-sm-782a_amendment_1_and_2.pdf), generated with kicad-footprint-generator")
    (tags resistor)
    (path /61D3502C/61E0DC62)
    (attr smd)
    (fp_text reference R104 (at -1.9177 0.0381 90) (layer F.SilkS)
      (effects (font (size 0.635 0.635) (thickness 0.090932)))
    )
    (fp_text value 1.5k (at 0 1.17 90) (layer F.Fab)
      (effects (font (size 1 1) (thickness 0.15)))
    )
    (fp_line (start -0.525 0.27) (end -0.525 -0.27) (layer F.Fab) (width 0.1))
    (fp_line (start -0.525 -0.27) (end 0.525 -0.27) (layer F.Fab) (width 0.1))
    (fp_line (start 0.525 -0.27) (end 0.525 0.27) (layer F.Fab) (width 0.1))
    (fp_line (start 0.525 0.27) (end -0.525 0.27) (layer F.Fab) (width 0.1))
    (fp_line (start -0.153641 -0.38) (end 0.153641 -0.38) (layer F.SilkS) (width 0.12))
    (fp_line (start -0.153641 0.38) (end 0.153641 0.38) (layer F.SilkS) (width 0.12))
    (fp_line (start -0.93 0.47) (end -0.93 -0.47) (layer F.CrtYd) (width 0.05))
    (fp_line (start -0.93 -0.47) (end 0.93 -0.47) (layer F.CrtYd) (width 0.05))
    (fp_line (start 0.93 -0.47) (end 0.93 0.47) (layer F.CrtYd) (width 0.05))
    (fp_line (start 0.93 0.47) (end -0.93 0.47) (layer F.CrtYd) (width 0.05))
    (fp_text user %R (at 0 0 90) (layer F.Fab)
      (effects (font (size 0.26 0.26) (thickness 0.04)))
    )
    (pad 2 smd roundrect (at 0.51 0 90) (size 0.54 0.64) (layers F.Cu F.Paste F.Mask) (roundrect_rratio 0.25)
      (net 119 "Net-(D102-Pad2)"))
    (pad 1 smd roundrect (at -0.51 0 90) (size 0.54 0.64) (layers F.Cu F.Paste F.Mask) (roundrect_rratio 0.25)
      (net 28 /5V_USB))
    (model ${KISYS3DMOD}/Resistor_SMD.3dshapes/R_0402_1005Metric.wrl
      (at (xyz 0 0 0))
      (scale (xyz 1 1 1))
      (rotate (xyz 0 0 0))
    )
  )

  (module Resistor_SMD:R_0402_1005Metric (layer F.Cu) (tedit 5F68FEEE) (tstamp 61870652)
    (at 7.4422 -98.2726)
    (descr "Resistor SMD 0402 (1005 Metric), square (rectangular) end terminal, IPC_7351 nominal, (Body size source: IPC-SM-782 page 72, https://www.pcb-3d.com/wordpress/wp-content/uploads/ipc-sm-782a_amendment_1_and_2.pdf), generated with kicad-footprint-generator")
    (tags resistor)
    (path /61D3502C/61E0DC84)
    (attr smd)
    (fp_text reference R108 (at 0.4318 1.6891 90) (layer F.SilkS)
      (effects (font (size 0.635 0.635) (thickness 0.090932)))
    )
    (fp_text value 1.5k (at 0 1.17) (layer F.Fab)
      (effects (font (size 1 1) (thickness 0.15)))
    )
    (fp_line (start -0.525 0.27) (end -0.525 -0.27) (layer F.Fab) (width 0.1))
    (fp_line (start -0.525 -0.27) (end 0.525 -0.27) (layer F.Fab) (width 0.1))
    (fp_line (start 0.525 -0.27) (end 0.525 0.27) (layer F.Fab) (width 0.1))
    (fp_line (start 0.525 0.27) (end -0.525 0.27) (layer F.Fab) (width 0.1))
    (fp_line (start -0.153641 -0.38) (end 0.153641 -0.38) (layer F.SilkS) (width 0.12))
    (fp_line (start -0.153641 0.38) (end 0.153641 0.38) (layer F.SilkS) (width 0.12))
    (fp_line (start -0.93 0.47) (end -0.93 -0.47) (layer F.CrtYd) (width 0.05))
    (fp_line (start -0.93 -0.47) (end 0.93 -0.47) (layer F.CrtYd) (width 0.05))
    (fp_line (start 0.93 -0.47) (end 0.93 0.47) (layer F.CrtYd) (width 0.05))
    (fp_line (start 0.93 0.47) (end -0.93 0.47) (layer F.CrtYd) (width 0.05))
    (fp_text user %R (at 0 0) (layer F.Fab)
      (effects (font (size 0.26 0.26) (thickness 0.04)))
    )
    (pad 2 smd roundrect (at 0.51 0) (size 0.54 0.64) (layers F.Cu F.Paste F.Mask) (roundrect_rratio 0.25)
      (net 28 /5V_USB))
    (pad 1 smd roundrect (at -0.51 0) (size 0.54 0.64) (layers F.Cu F.Paste F.Mask) (roundrect_rratio 0.25)
      (net 126 "Net-(Q102-Pad1)"))
    (model ${KISYS3DMOD}/Resistor_SMD.3dshapes/R_0402_1005Metric.wrl
      (at (xyz 0 0 0))
      (scale (xyz 1 1 1))
      (rotate (xyz 0 0 0))
    )
  )

  (module Resistor_SMD:R_0402_1005Metric (layer B.Cu) (tedit 5F68FEEE) (tstamp 61870641)
    (at 10.795 -98.679 90)
    (descr "Resistor SMD 0402 (1005 Metric), square (rectangular) end terminal, IPC_7351 nominal, (Body size source: IPC-SM-782 page 72, https://www.pcb-3d.com/wordpress/wp-content/uploads/ipc-sm-782a_amendment_1_and_2.pdf), generated with kicad-footprint-generator")
    (tags resistor)
    (path /61D3502C/61E053C1)
    (attr smd)
    (fp_text reference R103 (at -2.286 0 90) (layer B.SilkS)
      (effects (font (size 0.635 0.635) (thickness 0.090932)) (justify mirror))
    )
    (fp_text value 1.5k (at 0 -1.17 90) (layer B.Fab)
      (effects (font (size 1 1) (thickness 0.15)) (justify mirror))
    )
    (fp_line (start -0.525 -0.27) (end -0.525 0.27) (layer B.Fab) (width 0.1))
    (fp_line (start -0.525 0.27) (end 0.525 0.27) (layer B.Fab) (width 0.1))
    (fp_line (start 0.525 0.27) (end 0.525 -0.27) (layer B.Fab) (width 0.1))
    (fp_line (start 0.525 -0.27) (end -0.525 -0.27) (layer B.Fab) (width 0.1))
    (fp_line (start -0.153641 0.38) (end 0.153641 0.38) (layer B.SilkS) (width 0.12))
    (fp_line (start -0.153641 -0.38) (end 0.153641 -0.38) (layer B.SilkS) (width 0.12))
    (fp_line (start -0.93 -0.47) (end -0.93 0.47) (layer B.CrtYd) (width 0.05))
    (fp_line (start -0.93 0.47) (end 0.93 0.47) (layer B.CrtYd) (width 0.05))
    (fp_line (start 0.93 0.47) (end 0.93 -0.47) (layer B.CrtYd) (width 0.05))
    (fp_line (start 0.93 -0.47) (end -0.93 -0.47) (layer B.CrtYd) (width 0.05))
    (fp_text user %R (at 0 0 90) (layer B.Fab)
      (effects (font (size 0.26 0.26) (thickness 0.04)) (justify mirror))
    )
    (pad 2 smd roundrect (at 0.51 0 90) (size 0.54 0.64) (layers B.Cu B.Paste B.Mask) (roundrect_rratio 0.25)
      (net 117 "Net-(D101-Pad2)"))
    (pad 1 smd roundrect (at -0.51 0 90) (size 0.54 0.64) (layers B.Cu B.Paste B.Mask) (roundrect_rratio 0.25)
      (net 28 /5V_USB))
    (model ${KISYS3DMOD}/Resistor_SMD.3dshapes/R_0402_1005Metric.wrl
      (at (xyz 0 0 0))
      (scale (xyz 1 1 1))
      (rotate (xyz 0 0 0))
    )
  )

  (module Resistor_SMD:R_0402_1005Metric (layer B.Cu) (tedit 5F68FEEE) (tstamp 61870630)
    (at 12.2428 -97.2312)
    (descr "Resistor SMD 0402 (1005 Metric), square (rectangular) end terminal, IPC_7351 nominal, (Body size source: IPC-SM-782 page 72, https://www.pcb-3d.com/wordpress/wp-content/uploads/ipc-sm-782a_amendment_1_and_2.pdf), generated with kicad-footprint-generator")
    (tags resistor)
    (path /61D3502C/61E053E3)
    (attr smd)
    (fp_text reference R107 (at -0.3683 1.6637 90) (layer B.SilkS)
      (effects (font (size 0.635 0.635) (thickness 0.090932)) (justify mirror))
    )
    (fp_text value 1.5k (at 0 -1.17) (layer B.Fab)
      (effects (font (size 1 1) (thickness 0.15)) (justify mirror))
    )
    (fp_line (start -0.525 -0.27) (end -0.525 0.27) (layer B.Fab) (width 0.1))
    (fp_line (start -0.525 0.27) (end 0.525 0.27) (layer B.Fab) (width 0.1))
    (fp_line (start 0.525 0.27) (end 0.525 -0.27) (layer B.Fab) (width 0.1))
    (fp_line (start 0.525 -0.27) (end -0.525 -0.27) (layer B.Fab) (width 0.1))
    (fp_line (start -0.153641 0.38) (end 0.153641 0.38) (layer B.SilkS) (width 0.12))
    (fp_line (start -0.153641 -0.38) (end 0.153641 -0.38) (layer B.SilkS) (width 0.12))
    (fp_line (start -0.93 -0.47) (end -0.93 0.47) (layer B.CrtYd) (width 0.05))
    (fp_line (start -0.93 0.47) (end 0.93 0.47) (layer B.CrtYd) (width 0.05))
    (fp_line (start 0.93 0.47) (end 0.93 -0.47) (layer B.CrtYd) (width 0.05))
    (fp_line (start 0.93 -0.47) (end -0.93 -0.47) (layer B.CrtYd) (width 0.05))
    (fp_text user %R (at 0 0) (layer B.Fab)
      (effects (font (size 0.26 0.26) (thickness 0.04)) (justify mirror))
    )
    (pad 2 smd roundrect (at 0.51 0) (size 0.54 0.64) (layers B.Cu B.Paste B.Mask) (roundrect_rratio 0.25)
      (net 4 /USB_D-))
    (pad 1 smd roundrect (at -0.51 0) (size 0.54 0.64) (layers B.Cu B.Paste B.Mask) (roundrect_rratio 0.25)
      (net 125 "Net-(Q101-Pad1)"))
    (model ${KISYS3DMOD}/Resistor_SMD.3dshapes/R_0402_1005Metric.wrl
      (at (xyz 0 0 0))
      (scale (xyz 1 1 1))
      (rotate (xyz 0 0 0))
    )
  )

  (module Resistor_SMD:R_0402_1005Metric (layer B.Cu) (tedit 5F68FEEE) (tstamp 6187061F)
    (at 6.9596 -98.679 90)
    (descr "Resistor SMD 0402 (1005 Metric), square (rectangular) end terminal, IPC_7351 nominal, (Body size source: IPC-SM-782 page 72, https://www.pcb-3d.com/wordpress/wp-content/uploads/ipc-sm-782a_amendment_1_and_2.pdf), generated with kicad-footprint-generator")
    (tags resistor)
    (path /61D3502C/61DFDB16)
    (attr smd)
    (fp_text reference R102 (at -2.286 0.0254 90) (layer B.SilkS)
      (effects (font (size 0.635 0.635) (thickness 0.090932)) (justify mirror))
    )
    (fp_text value 1.5k (at 0 -1.17 90) (layer B.Fab)
      (effects (font (size 1 1) (thickness 0.15)) (justify mirror))
    )
    (fp_line (start -0.525 -0.27) (end -0.525 0.27) (layer B.Fab) (width 0.1))
    (fp_line (start -0.525 0.27) (end 0.525 0.27) (layer B.Fab) (width 0.1))
    (fp_line (start 0.525 0.27) (end 0.525 -0.27) (layer B.Fab) (width 0.1))
    (fp_line (start 0.525 -0.27) (end -0.525 -0.27) (layer B.Fab) (width 0.1))
    (fp_line (start -0.153641 0.38) (end 0.153641 0.38) (layer B.SilkS) (width 0.12))
    (fp_line (start -0.153641 -0.38) (end 0.153641 -0.38) (layer B.SilkS) (width 0.12))
    (fp_line (start -0.93 -0.47) (end -0.93 0.47) (layer B.CrtYd) (width 0.05))
    (fp_line (start -0.93 0.47) (end 0.93 0.47) (layer B.CrtYd) (width 0.05))
    (fp_line (start 0.93 0.47) (end 0.93 -0.47) (layer B.CrtYd) (width 0.05))
    (fp_line (start 0.93 -0.47) (end -0.93 -0.47) (layer B.CrtYd) (width 0.05))
    (fp_text user %R (at 0 0 90) (layer B.Fab)
      (effects (font (size 0.26 0.26) (thickness 0.04)) (justify mirror))
    )
    (pad 2 smd roundrect (at 0.51 0 90) (size 0.54 0.64) (layers B.Cu B.Paste B.Mask) (roundrect_rratio 0.25)
      (net 115 "Net-(D100-Pad2)"))
    (pad 1 smd roundrect (at -0.51 0 90) (size 0.54 0.64) (layers B.Cu B.Paste B.Mask) (roundrect_rratio 0.25)
      (net 28 /5V_USB))
    (model ${KISYS3DMOD}/Resistor_SMD.3dshapes/R_0402_1005Metric.wrl
      (at (xyz 0 0 0))
      (scale (xyz 1 1 1))
      (rotate (xyz 0 0 0))
    )
  )

  (module Resistor_SMD:R_0402_1005Metric (layer F.Cu) (tedit 5F68FEEE) (tstamp 6187060E)
    (at 10.795 -96.9645 90)
    (descr "Resistor SMD 0402 (1005 Metric), square (rectangular) end terminal, IPC_7351 nominal, (Body size source: IPC-SM-782 page 72, https://www.pcb-3d.com/wordpress/wp-content/uploads/ipc-sm-782a_amendment_1_and_2.pdf), generated with kicad-footprint-generator")
    (tags resistor)
    (path /61D3502C/61F1E119)
    (attr smd)
    (fp_text reference R110 (at -2.159 0 90) (layer F.SilkS)
      (effects (font (size 0.635 0.635) (thickness 0.090932)))
    )
    (fp_text value 10k (at 0 1.17 90) (layer F.Fab)
      (effects (font (size 1 1) (thickness 0.15)))
    )
    (fp_line (start -0.525 0.27) (end -0.525 -0.27) (layer F.Fab) (width 0.1))
    (fp_line (start -0.525 -0.27) (end 0.525 -0.27) (layer F.Fab) (width 0.1))
    (fp_line (start 0.525 -0.27) (end 0.525 0.27) (layer F.Fab) (width 0.1))
    (fp_line (start 0.525 0.27) (end -0.525 0.27) (layer F.Fab) (width 0.1))
    (fp_line (start -0.153641 -0.38) (end 0.153641 -0.38) (layer F.SilkS) (width 0.12))
    (fp_line (start -0.153641 0.38) (end 0.153641 0.38) (layer F.SilkS) (width 0.12))
    (fp_line (start -0.93 0.47) (end -0.93 -0.47) (layer F.CrtYd) (width 0.05))
    (fp_line (start -0.93 -0.47) (end 0.93 -0.47) (layer F.CrtYd) (width 0.05))
    (fp_line (start 0.93 -0.47) (end 0.93 0.47) (layer F.CrtYd) (width 0.05))
    (fp_line (start 0.93 0.47) (end -0.93 0.47) (layer F.CrtYd) (width 0.05))
    (fp_text user %R (at 0 0 90) (layer F.Fab)
      (effects (font (size 0.26 0.26) (thickness 0.04)))
    )
    (pad 2 smd roundrect (at 0.51 0 90) (size 0.54 0.64) (layers F.Cu F.Paste F.Mask) (roundrect_rratio 0.25)
      (net 110 /SW_NO))
    (pad 1 smd roundrect (at -0.51 0 90) (size 0.54 0.64) (layers F.Cu F.Paste F.Mask) (roundrect_rratio 0.25)
      (net 28 /5V_USB))
    (model ${KISYS3DMOD}/Resistor_SMD.3dshapes/R_0402_1005Metric.wrl
      (at (xyz 0 0 0))
      (scale (xyz 1 1 1))
      (rotate (xyz 0 0 0))
    )
  )

  (module Resistor_SMD:R_0402_1005Metric (layer B.Cu) (tedit 5F68FEEE) (tstamp 618705FD)
    (at 85.7377 -94.2086 270)
    (descr "Resistor SMD 0402 (1005 Metric), square (rectangular) end terminal, IPC_7351 nominal, (Body size source: IPC-SM-782 page 72, https://www.pcb-3d.com/wordpress/wp-content/uploads/ipc-sm-782a_amendment_1_and_2.pdf), generated with kicad-footprint-generator")
    (tags resistor)
    (path /61D3502C/61DE9CDF)
    (attr smd)
    (fp_text reference R101 (at 2.3241 -0.0508 90) (layer B.SilkS)
      (effects (font (size 0.635 0.635) (thickness 0.090932)) (justify mirror))
    )
    (fp_text value 1Meg (at 0 -1.17 90) (layer B.Fab)
      (effects (font (size 1 1) (thickness 0.15)) (justify mirror))
    )
    (fp_line (start -0.525 -0.27) (end -0.525 0.27) (layer B.Fab) (width 0.1))
    (fp_line (start -0.525 0.27) (end 0.525 0.27) (layer B.Fab) (width 0.1))
    (fp_line (start 0.525 0.27) (end 0.525 -0.27) (layer B.Fab) (width 0.1))
    (fp_line (start 0.525 -0.27) (end -0.525 -0.27) (layer B.Fab) (width 0.1))
    (fp_line (start -0.153641 0.38) (end 0.153641 0.38) (layer B.SilkS) (width 0.12))
    (fp_line (start -0.153641 -0.38) (end 0.153641 -0.38) (layer B.SilkS) (width 0.12))
    (fp_line (start -0.93 -0.47) (end -0.93 0.47) (layer B.CrtYd) (width 0.05))
    (fp_line (start -0.93 0.47) (end 0.93 0.47) (layer B.CrtYd) (width 0.05))
    (fp_line (start 0.93 0.47) (end 0.93 -0.47) (layer B.CrtYd) (width 0.05))
    (fp_line (start 0.93 -0.47) (end -0.93 -0.47) (layer B.CrtYd) (width 0.05))
    (fp_text user %R (at 0 0 90) (layer B.Fab)
      (effects (font (size 0.26 0.26) (thickness 0.04)) (justify mirror))
    )
    (pad 2 smd roundrect (at 0.51 0 270) (size 0.54 0.64) (layers B.Cu B.Paste B.Mask) (roundrect_rratio 0.25)
      (net 128 /Blank-Card-Default/GND))
    (pad 1 smd roundrect (at -0.51 0 270) (size 0.54 0.64) (layers B.Cu B.Paste B.Mask) (roundrect_rratio 0.25)
      (net 1 /CHS))
    (model ${KISYS3DMOD}/Resistor_SMD.3dshapes/R_0402_1005Metric.wrl
      (at (xyz 0 0 0))
      (scale (xyz 1 1 1))
      (rotate (xyz 0 0 0))
    )
  )

  (module Resistor_SMD:R_0402_1005Metric (layer B.Cu) (tedit 5F68FEEE) (tstamp 618705EC)
    (at 8.4328 -97.2312)
